--------------------
Hopping matrix
[-1.5401244351158763 -0.9507304525970055 -0.15765647283295836 1.072862956947162 0.0500601144557203 -0.15582411733833443; -0.9507304525970055 0.07482831928090573 0.07115647487160648 -0.0463953268496449 -0.028142085375581015 0.011158689210169909]
Interaction matrices
U:
[3.532164 2.698262; 2.698262 3.578332]
J:
[0.0 0.088749; 0.088749 0.0]
U13:
[0.0 -0.047054; -0.012288 0.0]
--------------------
Simulation: polypyrrole_9_1_1_ccpvtz_2024_10_11_09_49_21
Hopping matrix
[-1.933494873584267 -0.7772510565110616 0.11784264796428706 0.6655462758885874 -0.04248278068354151 -0.0378073200286756; -0.7772510565110616 0.4722654292418784 0.024942704207316948 -0.2951920462296741 -0.0013954296129257075 0.07777190679893163]
Interaction matrices
U:
[3.066984 2.642175; 2.642175 3.617611]
J:
[0.0 0.105138; 0.105138 0.0]
U13:
[0.0 -0.163685; 0.02416 0.0]
