--------------------
Simulation: polyacetylene_11_1_1_ccpvtz_2024_10_10_13_40_51
Hopping matrix
[-0.868096968081482 2.4983507903099684 0.10969699070590447 2.6368646170601253 0.09138706640155796 -0.3089699283727173; 2.4983507903099684 -0.8681135270524852 -0.08183653103295754 0.10969733165934399 -0.038471628348889286 0.09138708065957726]
Interaction matrices
U:
[8.83454 5.217502; 5.217502 8.834537]
J:
[0.0 0.101342; 0.101342 0.0]
U13:
[0.0 0.226479; 0.226478 0.0]
--------------------
Simulation: polyacetylene_11_1_1_ccpvqz_2024_10_10_15_38_31
Hopping matrix
[-0.8069633990501173 2.455504193526953 0.14959047557661254 2.5699713487151867 0.09701898807343512 -0.337473339140756; 2.455504193526953 -0.8062115477672837 -0.09442559981428987 0.1495744929844896 -0.039332104423440636 0.09701765585285269]
Interaction matrices
U:
[8.523478 5.123765; 5.123765 8.523594]
J:
[0.0 0.105934; 0.105934 0.0]
U13:
[0.0 0.275961; 0.275977 0.0]
